<?xml version="1.0"?>
<opencv_storage>
<Intrinsics type_id="opencv-matrix">
  <rows>3</rows>
  <cols>3</cols>
  <dt>f</dt>
  <data>
    4.30384399e+02 0. 1.61194305e+02 0. 4.16016022e+02 2.53257797e+02 0.
    0. 1.</data></Intrinsics>
<Distortion type_id="opencv-matrix">
    <rows>4</rows>
    <cols>1</cols>
    <dt>f</dt>
    <data>
        -4.31836784e-01 1.72494185e+00 5.79258706e-03 1.68714672e-02</data></Distortion>
</opencv_storage>
