<?xml version="1.0"?>
<opencv_storage>
<Intrinsics type_id="opencv-matrix">
    <rows>3</rows>
    <cols>3</cols>
    <dt>f</dt>
    <data>
        4.47133057e+02 0. 1.66659698e+02 0. 4.81076630e+02 2.35691086e+02 0.
        0. 1.</data></Intrinsics>
<Distortion type_id="opencv-matrix">
  <rows>4</rows>
  <cols>1</cols>
  <dt>f</dt>
  <data>
    4.58690554e-01 -1.34315372e+00 1.00190751e-01 -8.10442120e-02</data></Distortion>
</opencv_storage>
